Score	Time	Result
50	60	1
50	59	1
50	58	1
50	57	1
50	56	1
50	55	1
50	54	1
50	53	1
50	52	1
50	51	1
50	50	1
50	49	1
50	48	1
50	47	1
50	46	1
50	45	1
50	44	1
50	43	1
50	42	1
50	41	1
50	40	2
50	39	2
50	38	2
50	37	2
50	36	2
50	35	2
50	34	2
50	33	2
50	32	2
50	31	2
50	30	2
50	29	2
50	28	2
50	27	2
50	26	2
50	25	2
50	24	2
51	60	1
51	59	1
51	58	1
51	57	1
51	56	1
51	55	1
51	54	1
51	53	1
51	52	1
51	51	1
51	50	1
51	49	1
51	48	1
51	47	1
51	46	1
51	45	1
51	44	1
51	43	1
51	42	1
51	41	1
51	40	2
51	39	2
51	38	2
51	37	2
51	36	2
51	35	2
51	34	2
51	33	2
51	32	2
51	31	2
51	30	2
51	29	2
51	28	2
51	27	2
51	26	2
51	25	2
51	24	2
52	60	1
52	59	1
52	58	1
52	57	1
52	56	1
52	55	1
52	54	1
52	53	1
52	52	1
52	51	1
52	50	1
52	49	1
52	48	1
52	47	1
52	46	1
52	45	1
52	44	1
52	43	1
52	42	1
52	41	1
52	40	2
52	39	2
52	38	2
52	37	2
52	36	2
52	35	2
52	34	2
52	33	2
52	32	2
52	31	2
52	30	2
52	29	2
52	28	2
52	27	2
52	26	2
52	25	2
52	24	2
53	60	1
53	59	1
53	58	1
53	57	1
53	56	1
53	55	1
53	54	1
53	53	1
53	52	1
53	51	1
53	50	1
53	49	1
53	48	1
53	47	1
53	46	1
53	45	1
53	44	1
53	43	1
53	42	1
53	41	1
53	40	2
53	39	2
53	38	2
53	37	2
53	36	2
53	35	2
53	34	2
53	33	2
53	32	2
53	31	2
53	30	2
53	29	2
53	28	2
53	27	2
53	26	2
53	25	2
53	24	2
54	60	1
54	59	1
54	58	1
54	57	1
54	56	1
54	55	1
54	54	1
54	53	1
54	52	1
54	51	1
54	50	1
54	49	1
54	48	1
54	47	1
54	46	1
54	45	1
54	44	1
54	43	1
54	42	1
54	41	1
54	40	2
54	39	2
54	38	2
54	37	2
54	36	2
54	35	2
54	34	2
54	33	2
54	32	2
54	31	2
54	30	2
54	29	2
54	28	2
54	27	2
54	26	2
54	25	2
54	24	2
55	60	1
55	59	1
55	58	1
55	57	1
55	56	1
55	55	1
55	54	1
55	53	1
55	52	1
55	51	1
55	50	1
55	49	1
55	48	1
55	47	1
55	46	1
55	45	1
55	44	1
55	43	1
55	42	1
55	41	1
55	40	2
55	39	2
55	38	2
55	37	2
55	36	2
55	35	2
55	34	2
55	33	2
55	32	2
55	31	2
55	30	2
55	29	2
55	28	2
55	27	2
55	26	2
55	25	2
55	24	2
56	60	1
56	59	1
56	58	1
56	57	1
56	56	1
56	55	1
56	54	1
56	53	1
56	52	1
56	51	1
56	50	1
56	49	1
56	48	1
56	47	1
56	46	1
56	45	1
56	44	1
56	43	1
56	42	1
56	41	1
56	40	2
56	39	2
56	38	2
56	37	2
56	36	2
56	35	2
56	34	2
56	33	2
56	32	2
56	31	2
56	30	2
56	29	2
56	28	2
56	27	2
56	26	2
56	25	2
56	24	2
57	60	1
57	59	1
57	58	1
57	57	1
57	56	1
57	55	1
57	54	1
57	53	1
57	52	1
57	51	1
57	50	1
57	49	1
57	48	1
57	47	1
57	46	1
57	45	1
57	44	1
57	43	1
57	42	1
57	41	1
57	40	2
57	39	2
57	38	2
57	37	2
57	36	2
57	35	2
57	34	2
57	33	2
57	32	2
57	31	2
57	30	2
57	29	2
57	28	2
57	27	2
57	26	2
57	25	2
57	24	2
58	60	1
58	59	1
58	58	1
58	57	1
58	56	1
58	55	1
58	54	1
58	53	1
58	52	1
58	51	1
58	50	1
58	49	1
58	48	1
58	47	1
58	46	1
58	45	1
58	44	1
58	43	1
58	42	1
58	41	1
58	40	2
58	39	2
58	38	2
58	37	2
58	36	2
58	35	2
58	34	2
58	33	2
58	32	2
58	31	2
58	30	2
58	29	2
58	28	2
58	27	2
58	26	2
58	25	2
58	24	2
59	60	1
59	59	1
59	58	1
59	57	1
59	56	1
59	55	1
59	54	1
59	53	1
59	52	1
59	51	1
59	50	1
59	49	1
59	48	1
59	47	1
59	46	1
59	45	1
59	44	1
59	43	1
59	42	1
59	41	1
59	40	2
59	39	2
59	38	2
59	37	2
59	36	2
59	35	2
59	34	2
59	33	2
59	32	2
59	31	2
59	30	2
59	29	2
59	28	2
59	27	2
59	26	2
59	25	2
59	24	2
60	60	1
60	59	1
60	58	1
60	57	1
60	56	1
60	55	1
60	54	1
60	53	1
60	52	1
60	51	1
60	50	1
60	49	1
60	48	1
60	47	1
60	46	1
60	45	2
60	44	2
60	43	2
60	42	2
60	41	2
60	40	2
60	39	2
60	38	2
60	37	2
60	36	2
60	35	3
60	34	3
60	33	3
60	32	3
60	31	3
60	30	3
60	29	3
60	28	3
60	27	3
60	26	3
60	25	4
60	24	4
61	60	1
61	59	1
61	58	1
61	57	1
61	56	1
61	55	1
61	54	1
61	53	1
61	52	1
61	51	1
61	50	1
61	49	1
61	48	1
61	47	1
61	46	1
61	45	2
61	44	2
61	43	2
61	42	2
61	41	2
61	40	2
61	39	2
61	38	2
61	37	2
61	36	2
61	35	3
61	34	3
61	33	3
61	32	3
61	31	3
61	30	3
61	29	3
61	28	3
61	27	3
61	26	3
61	25	4
61	24	4
62	60	1
62	59	1
62	58	1
62	57	1
62	56	1
62	55	1
62	54	1
62	53	1
62	52	1
62	51	1
62	50	1
62	49	1
62	48	1
62	47	1
62	46	1
62	45	2
62	44	2
62	43	2
62	42	2
62	41	2
62	40	2
62	39	2
62	38	2
62	37	2
62	36	2
62	35	3
62	34	3
62	33	3
62	32	3
62	31	3
62	30	3
62	29	3
62	28	3
62	27	3
62	26	3
62	25	4
62	24	4
63	60	1
63	59	1
63	58	1
63	57	1
63	56	1
63	55	1
63	54	1
63	53	1
63	52	1
63	51	1
63	50	1
63	49	1
63	48	1
63	47	1
63	46	1
63	45	2
63	44	2
63	43	2
63	42	2
63	41	2
63	40	2
63	39	2
63	38	2
63	37	2
63	36	2
63	35	3
63	34	3
63	33	3
63	32	3
63	31	3
63	30	3
63	29	3
63	28	3
63	27	3
63	26	3
63	25	4
63	24	4
64	60	1
64	59	1
64	58	1
64	57	1
64	56	1
64	55	1
64	54	1
64	53	1
64	52	1
64	51	1
64	50	1
64	49	1
64	48	1
64	47	1
64	46	1
64	45	2
64	44	2
64	43	2
64	42	2
64	41	2
64	40	2
64	39	2
64	38	2
64	37	2
64	36	2
64	35	3
64	34	3
64	33	3
64	32	3
64	31	3
64	30	3
64	29	3
64	28	3
64	27	3
64	26	3
64	25	4
64	24	4
65	60	1
65	59	1
65	58	1
65	57	1
65	56	1
65	55	1
65	54	1
65	53	1
65	52	1
65	51	1
65	50	1
65	49	1
65	48	1
65	47	1
65	46	1
65	45	2
65	44	2
65	43	2
65	42	2
65	41	2
65	40	2
65	39	2
65	38	2
65	37	2
65	36	2
65	35	3
65	34	3
65	33	3
65	32	3
65	31	3
65	30	3
65	29	3
65	28	3
65	27	3
65	26	3
65	25	4
65	24	4
66	60	1
66	59	1
66	58	1
66	57	1
66	56	1
66	55	1
66	54	1
66	53	1
66	52	1
66	51	1
66	50	1
66	49	1
66	48	1
66	47	1
66	46	1
66	45	2
66	44	2
66	43	2
66	42	2
66	41	2
66	40	2
66	39	2
66	38	2
66	37	2
66	36	2
66	35	3
66	34	3
66	33	3
66	32	3
66	31	3
66	30	3
66	29	3
66	28	3
66	27	3
66	26	3
66	25	4
66	24	4
67	60	1
67	59	1
67	58	1
67	57	1
67	56	1
67	55	1
67	54	1
67	53	1
67	52	1
67	51	1
67	50	1
67	49	1
67	48	1
67	47	1
67	46	1
67	45	2
67	44	2
67	43	2
67	42	2
67	41	2
67	40	2
67	39	2
67	38	2
67	37	2
67	36	2
67	35	3
67	34	3
67	33	3
67	32	3
67	31	3
67	30	3
67	29	3
67	28	3
67	27	3
67	26	3
67	25	4
67	24	4
68	60	1
68	59	1
68	58	1
68	57	1
68	56	1
68	55	1
68	54	1
68	53	1
68	52	1
68	51	1
68	50	1
68	49	1
68	48	1
68	47	1
68	46	1
68	45	2
68	44	2
68	43	2
68	42	2
68	41	2
68	40	2
68	39	2
68	38	2
68	37	2
68	36	2
68	35	3
68	34	3
68	33	3
68	32	3
68	31	3
68	30	3
68	29	3
68	28	3
68	27	3
68	26	3
68	25	4
68	24	4
69	60	1
69	59	1
69	58	1
69	57	1
69	56	1
69	55	1
69	54	1
69	53	1
69	52	1
69	51	1
69	50	1
69	49	1
69	48	1
69	47	1
69	46	1
69	45	2
69	44	2
69	43	2
69	42	2
69	41	2
69	40	2
69	39	2
69	38	2
69	37	2
69	36	2
69	35	3
69	34	3
69	33	3
69	32	3
69	31	3
69	30	3
69	29	3
69	28	3
69	27	3
69	26	3
69	25	4
69	24	4
70	60	1
70	59	1
70	58	1
70	57	1
70	56	1
70	55	1
70	54	1
70	53	1
70	52	1
70	51	1
70	50	1
70	49	1
70	48	1
70	47	1
70	46	1
70	45	2
70	44	2
70	43	2
70	42	2
70	41	2
70	40	3
70	39	3
70	38	3
70	37	3
70	36	3
70	35	4
70	34	4
70	33	4
70	32	4
70	31	4
70	30	4
70	29	4
70	28	4
70	27	4
70	26	4
70	25	4
70	24	4
71	60	1
71	59	1
71	58	1
71	57	1
71	56	1
71	55	1
71	54	1
71	53	1
71	52	1
71	51	1
71	50	1
71	49	1
71	48	1
71	47	1
71	46	1
71	45	2
71	44	2
71	43	2
71	42	2
71	41	2
71	40	3
71	39	3
71	38	3
71	37	3
71	36	3
71	35	4
71	34	4
71	33	4
71	32	4
71	31	4
71	30	4
71	29	4
71	28	4
71	27	4
71	26	4
71	25	4
71	24	4
72	60	1
72	59	1
72	58	1
72	57	1
72	56	1
72	55	1
72	54	1
72	53	1
72	52	1
72	51	1
72	50	1
72	49	1
72	48	1
72	47	1
72	46	1
72	45	2
72	44	2
72	43	2
72	42	2
72	41	2
72	40	3
72	39	3
72	38	3
72	37	3
72	36	3
72	35	4
72	34	4
72	33	4
72	32	4
72	31	4
72	30	4
72	29	4
72	28	4
72	27	4
72	26	4
72	25	4
72	24	4
73	60	1
73	59	1
73	58	1
73	57	1
73	56	1
73	55	1
73	54	1
73	53	1
73	52	1
73	51	1
73	50	1
73	49	1
73	48	1
73	47	1
73	46	1
73	45	2
73	44	2
73	43	2
73	42	2
73	41	2
73	40	3
73	39	3
73	38	3
73	37	3
73	36	3
73	35	4
73	34	4
73	33	4
73	32	4
73	31	4
73	30	4
73	29	4
73	28	4
73	27	4
73	26	4
73	25	4
73	24	4
74	60	1
74	59	1
74	58	1
74	57	1
74	56	1
74	55	1
74	54	1
74	53	1
74	52	1
74	51	1
74	50	1
74	49	1
74	48	1
74	47	1
74	46	1
74	45	2
74	44	2
74	43	2
74	42	2
74	41	2
74	40	3
74	39	3
74	38	3
74	37	3
74	36	3
74	35	4
74	34	4
74	33	4
74	32	4
74	31	4
74	30	4
74	29	4
74	28	4
74	27	4
74	26	4
74	25	4
74	24	4
75	60	1
75	59	1
75	58	1
75	57	1
75	56	1
75	55	1
75	54	1
75	53	1
75	52	1
75	51	1
75	50	1
75	49	1
75	48	1
75	47	1
75	46	1
75	45	2
75	44	2
75	43	2
75	42	2
75	41	2
75	40	3
75	39	3
75	38	3
75	37	3
75	36	3
75	35	4
75	34	4
75	33	4
75	32	4
75	31	4
75	30	4
75	29	4
75	28	4
75	27	4
75	26	4
75	25	4
75	24	4
76	60	1
76	59	1
76	58	1
76	57	1
76	56	1
76	55	1
76	54	1
76	53	1
76	52	1
76	51	1
76	50	1
76	49	1
76	48	1
76	47	1
76	46	1
76	45	2
76	44	2
76	43	2
76	42	2
76	41	2
76	40	3
76	39	3
76	38	3
76	37	3
76	36	3
76	35	4
76	34	4
76	33	4
76	32	4
76	31	4
76	30	4
76	29	4
76	28	4
76	27	4
76	26	4
76	25	4
76	24	4
77	60	1
77	59	1
77	58	1
77	57	1
77	56	1
77	55	1
77	54	1
77	53	1
77	52	1
77	51	1
77	50	1
77	49	1
77	48	1
77	47	1
77	46	1
77	45	2
77	44	2
77	43	2
77	42	2
77	41	2
77	40	3
77	39	3
77	38	3
77	37	3
77	36	3
77	35	4
77	34	4
77	33	4
77	32	4
77	31	4
77	30	4
77	29	4
77	28	4
77	27	4
77	26	4
77	25	4
77	24	4
78	60	1
78	59	1
78	58	1
78	57	1
78	56	1
78	55	1
78	54	1
78	53	1
78	52	1
78	51	1
78	50	1
78	49	1
78	48	1
78	47	1
78	46	1
78	45	2
78	44	2
78	43	2
78	42	2
78	41	2
78	40	3
78	39	3
78	38	3
78	37	3
78	36	3
78	35	4
78	34	4
78	33	4
78	32	4
78	31	4
78	30	4
78	29	4
78	28	4
78	27	4
78	26	4
78	25	4
78	24	4
79	60	1
79	59	1
79	58	1
79	57	1
79	56	1
79	55	1
79	54	1
79	53	1
79	52	1
79	51	1
79	50	1
79	49	1
79	48	1
79	47	1
79	46	1
79	45	2
79	44	2
79	43	2
79	42	2
79	41	2
79	40	3
79	39	3
79	38	3
79	37	3
79	36	3
79	35	4
79	34	4
79	33	4
79	32	4
79	31	4
79	30	4
79	29	4
79	28	4
79	27	4
79	26	4
79	25	4
79	24	4
80	60	1
80	59	1
80	58	1
80	57	1
80	56	1
80	55	2
80	54	2
80	53	2
80	52	2
80	51	2
80	50	2
80	49	2
80	48	2
80	47	2
80	46	2
80	45	3
80	44	3
80	43	3
80	42	3
80	41	3
80	40	4
80	39	4
80	38	4
80	37	4
80	36	4
80	35	5
80	34	5
80	33	5
80	32	5
80	31	5
80	30	5
80	29	5
80	28	5
80	27	5
80	26	5
80	25	5
80	24	5
81	60	1
81	59	1
81	58	1
81	57	1
81	56	1
81	55	2
81	54	2
81	53	2
81	52	2
81	51	2
81	50	2
81	49	2
81	48	2
81	47	2
81	46	2
81	45	3
81	44	3
81	43	3
81	42	3
81	41	3
81	40	4
81	39	4
81	38	4
81	37	4
81	36	4
81	35	5
81	34	5
81	33	5
81	32	5
81	31	5
81	30	5
81	29	5
81	28	5
81	27	5
81	26	5
81	25	5
81	24	5
82	60	1
82	59	1
82	58	1
82	57	1
82	56	1
82	55	2
82	54	2
82	53	2
82	52	2
82	51	2
82	50	2
82	49	2
82	48	2
82	47	2
82	46	2
82	45	3
82	44	3
82	43	3
82	42	3
82	41	3
82	40	4
82	39	4
82	38	4
82	37	4
82	36	4
82	35	5
82	34	5
82	33	5
82	32	5
82	31	5
82	30	5
82	29	5
82	28	5
82	27	5
82	26	5
82	25	5
82	24	5
83	60	1
83	59	1
83	58	1
83	57	1
83	56	1
83	55	2
83	54	2
83	53	2
83	52	2
83	51	2
83	50	2
83	49	2
83	48	2
83	47	2
83	46	2
83	45	3
83	44	3
83	43	3
83	42	3
83	41	3
83	40	4
83	39	4
83	38	4
83	37	4
83	36	4
83	35	5
83	34	5
83	33	5
83	32	5
83	31	5
83	30	5
83	29	5
83	28	5
83	27	5
83	26	5
83	25	5
83	24	5
84	60	1
84	59	1
84	58	1
84	57	1
84	56	1
84	55	2
84	54	2
84	53	2
84	52	2
84	51	2
84	50	2
84	49	2
84	48	2
84	47	2
84	46	2
84	45	3
84	44	3
84	43	3
84	42	3
84	41	3
84	40	4
84	39	4
84	38	4
84	37	4
84	36	4
84	35	5
84	34	5
84	33	5
84	32	5
84	31	5
84	30	5
84	29	5
84	28	5
84	27	5
84	26	5
84	25	5
84	24	5
85	60	1
85	59	1
85	58	1
85	57	1
85	56	1
85	55	2
85	54	2
85	53	2
85	52	2
85	51	2
85	50	2
85	49	2
85	48	2
85	47	2
85	46	2
85	45	3
85	44	3
85	43	3
85	42	3
85	41	3
85	40	4
85	39	4
85	38	4
85	37	4
85	36	4
85	35	5
85	34	5
85	33	5
85	32	5
85	31	5
85	30	5
85	29	5
85	28	5
85	27	5
85	26	5
85	25	5
85	24	5
86	60	1
86	59	1
86	58	1
86	57	1
86	56	1
86	55	2
86	54	2
86	53	2
86	52	2
86	51	2
86	50	2
86	49	2
86	48	2
86	47	2
86	46	2
86	45	3
86	44	3
86	43	3
86	42	3
86	41	3
86	40	4
86	39	4
86	38	4
86	37	4
86	36	4
86	35	5
86	34	5
86	33	5
86	32	5
86	31	5
86	30	5
86	29	5
86	28	5
86	27	5
86	26	5
86	25	5
86	24	5
87	60	1
87	59	1
87	58	1
87	57	1
87	56	1
87	55	2
87	54	2
87	53	2
87	52	2
87	51	2
87	50	2
87	49	2
87	48	2
87	47	2
87	46	2
87	45	3
87	44	3
87	43	3
87	42	3
87	41	3
87	40	4
87	39	4
87	38	4
87	37	4
87	36	4
87	35	5
87	34	5
87	33	5
87	32	5
87	31	5
87	30	5
87	29	5
87	28	5
87	27	5
87	26	5
87	25	5
87	24	5
88	60	1
88	59	1
88	58	1
88	57	1
88	56	1
88	55	2
88	54	2
88	53	2
88	52	2
88	51	2
88	50	2
88	49	2
88	48	2
88	47	2
88	46	2
88	45	3
88	44	3
88	43	3
88	42	3
88	41	3
88	40	4
88	39	4
88	38	4
88	37	4
88	36	4
88	35	5
88	34	5
88	33	5
88	32	5
88	31	5
88	30	5
88	29	5
88	28	5
88	27	5
88	26	5
88	25	5
88	24	5
89	60	1
89	59	1
89	58	1
89	57	1
89	56	1
89	55	2
89	54	2
89	53	2
89	52	2
89	51	2
89	50	2
89	49	2
89	48	2
89	47	2
89	46	2
89	45	3
89	44	3
89	43	3
89	42	3
89	41	3
89	40	4
89	39	4
89	38	4
89	37	4
89	36	4
89	35	5
89	34	5
89	33	5
89	32	5
89	31	5
89	30	5
89	29	5
89	28	5
89	27	5
89	26	5
89	25	5
89	24	5
90	60	3
90	59	3
90	58	3
90	57	3
90	56	3
90	55	3
90	54	3
90	53	3
90	52	3
90	51	3
90	50	3
90	49	3
90	48	3
90	47	3
90	46	3
90	45	3
90	44	3
90	43	3
90	42	3
90	41	3
90	40	4
90	39	4
90	38	4
90	37	4
90	36	4
90	35	5
90	34	5
90	33	5
90	32	5
90	31	5
90	30	5
90	29	5
90	28	5
90	27	5
90	26	5
90	25	5
90	24	5
91	60	3
91	59	3
91	58	3
91	57	3
91	56	3
91	55	3
91	54	3
91	53	3
91	52	3
91	51	3
91	50	3
91	49	3
91	48	3
91	47	3
91	46	3
91	45	3
91	44	3
91	43	3
91	42	3
91	41	3
91	40	4
91	39	4
91	38	4
91	37	4
91	36	4
91	35	5
91	34	5
91	33	5
91	32	5
91	31	5
91	30	5
91	29	5
91	28	5
91	27	5
91	26	5
91	25	5
91	24	5
92	60	3
92	59	3
92	58	3
92	57	3
92	56	3
92	55	3
92	54	3
92	53	3
92	52	3
92	51	3
92	50	3
92	49	3
92	48	3
92	47	3
92	46	3
92	45	3
92	44	3
92	43	3
92	42	3
92	41	3
92	40	4
92	39	4
92	38	4
92	37	4
92	36	4
92	35	5
92	34	5
92	33	5
92	32	5
92	31	5
92	30	5
92	29	5
92	28	5
92	27	5
92	26	5
92	25	5
92	24	5
93	60	3
93	59	3
93	58	3
93	57	3
93	56	3
93	55	3
93	54	3
93	53	3
93	52	3
93	51	3
93	50	3
93	49	3
93	48	3
93	47	3
93	46	3
93	45	3
93	44	3
93	43	3
93	42	3
93	41	3
93	40	4
93	39	4
93	38	4
93	37	4
93	36	4
93	35	5
93	34	5
93	33	5
93	32	5
93	31	5
93	30	5
93	29	5
93	28	5
93	27	5
93	26	5
93	25	5
93	24	5
94	60	3
94	59	3
94	58	3
94	57	3
94	56	3
94	55	3
94	54	3
94	53	3
94	52	3
94	51	3
94	50	3
94	49	3
94	48	3
94	47	3
94	46	3
94	45	3
94	44	3
94	43	3
94	42	3
94	41	3
94	40	4
94	39	4
94	38	4
94	37	4
94	36	4
94	35	5
94	34	5
94	33	5
94	32	5
94	31	5
94	30	5
94	29	5
94	28	5
94	27	5
94	26	5
94	25	5
94	24	5
95	60	3
95	59	3
95	58	3
95	57	3
95	56	3
95	55	3
95	54	3
95	53	3
95	52	3
95	51	3
95	50	3
95	49	3
95	48	3
95	47	3
95	46	3
95	45	3
95	44	3
95	43	3
95	42	3
95	41	3
95	40	4
95	39	4
95	38	4
95	37	4
95	36	4
95	35	5
95	34	5
95	33	5
95	32	5
95	31	5
95	30	5
95	29	5
95	28	5
95	27	5
95	26	5
95	25	5
95	24	5
96	60	3
96	59	3
96	58	3
96	57	3
96	56	3
96	55	3
96	54	3
96	53	3
96	52	3
96	51	3
96	50	3
96	49	3
96	48	3
96	47	3
96	46	3
96	45	3
96	44	3
96	43	3
96	42	3
96	41	3
96	40	4
96	39	4
96	38	4
96	37	4
96	36	4
96	35	5
96	34	5
96	33	5
96	32	5
96	31	5
96	30	5
96	29	5
96	28	5
96	27	5
96	26	5
96	25	5
96	24	5
97	60	3
97	59	3
97	58	3
97	57	3
97	56	3
97	55	3
97	54	3
97	53	3
97	52	3
97	51	3
97	50	3
97	49	3
97	48	3
97	47	3
97	46	3
97	45	3
97	44	3
97	43	3
97	42	3
97	41	3
97	40	4
97	39	4
97	38	4
97	37	4
97	36	4
97	35	5
97	34	5
97	33	5
97	32	5
97	31	5
97	30	5
97	29	5
97	28	5
97	27	5
97	26	5
97	25	5
97	24	5
98	60	3
98	59	3
98	58	3
98	57	3
98	56	3
98	55	3
98	54	3
98	53	3
98	52	3
98	51	3
98	50	3
98	49	3
98	48	3
98	47	3
98	46	3
98	45	3
98	44	3
98	43	3
98	42	3
98	41	3
98	40	4
98	39	4
98	38	4
98	37	4
98	36	4
98	35	5
98	34	5
98	33	5
98	32	5
98	31	5
98	30	5
98	29	5
98	28	5
98	27	5
98	26	5
98	25	5
98	24	5
99	60	3
99	59	3
99	58	3
99	57	3
99	56	3
99	55	3
99	54	3
99	53	3
99	52	3
99	51	3
99	50	3
99	49	3
99	48	3
99	47	3
99	46	3
99	45	3
99	44	3
99	43	3
99	42	3
99	41	3
99	40	4
99	39	4
99	38	4
99	37	4
99	36	4
99	35	5
99	34	5
99	33	5
99	32	5
99	31	5
99	30	5
99	29	5
99	28	5
99	27	5
99	26	5
99	25	5
99	24	5
100	60	3
100	59	3
100	58	3
100	57	3
100	56	3
100	55	3
100	54	3
100	53	3
100	52	3
100	51	3
100	50	3
100	49	3
100	48	3
100	47	3
100	46	3
100	45	3
100	44	3
100	43	3
100	42	3
100	41	3
100	40	4
100	39	4
100	38	4
100	37	4
100	36	4
100	35	5
100	34	5
100	33	5
100	32	5
100	31	5
100	30	5
100	29	5
100	28	5
100	27	5
100	26	5
100	25	5
100	24	5
